-216.242761 -2356.680396 244.094280 18233.994409 750.904344 -1472.228989 -528.940364 -421.889605 -0.126644 -0.945851 -0.298877 1.129856 1.308729 -0.814777 
-321.362326 1471.050637 3860.506909 90131.317274 3243.099562 -1244.043915 1567.241298 40835.626967 -0.160167 -0.602528 0.781861 26.128915 -0.064396 0.113437 
-366.631462 261.483466 4140.380488 94065.261691 3294.441367 -1580.942468 1159.149608 32495.162460 -0.146644 -0.811514 0.565632 21.859920 -0.082756 0.132542 
-310.254955 -800.906139 4072.646161 91275.783013 3288.174696 -1848.673163 667.291719 22780.359093 -0.148440 -0.927761 0.342381 17.058312 -0.077935 0.099757 
-429.474813 -1822.856233 3259.590464 74524.580385 2773.918806 -1928.670080 261.911502 15877.863692 -0.166736 -0.980988 0.099304 12.122101 -0.115379 0.059121 
-531.591032 -2803.855390 2430.285736 59404.619391 2754.672845 -1927.392063 -313.413761 6665.359139 -0.167864 -0.955879 -0.241075 6.367417 -0.116845 0.070702 
-502.717250 -3181.162801 1913.558720 48337.174767 2696.281753 -1881.411172 -758.546691 2664.029115 -0.197273 -0.895368 -0.399248 4.683838 -0.118473 0.079640 
-411.112909 -3518.361464 1276.551756 38214.728906 2846.354749 -1583.630755 -958.463288 -420.856695 -0.131849 -0.811662 -0.569052 3.170385 -0.111924 0.079200 
-611.416672 3290.154173 1610.411001 38183.551177 2663.534976 1849.184469 -793.268338 3041.523815 -0.191453 0.859785 -0.473409 4.574558 -0.096717 0.050314 
-616.447075 3871.657537 742.554804 27923.116669 3029.099693 1552.260575 -1298.836740 -2183.976345 -0.172867 0.674166 -0.718065 2.226725 -0.075654 0.145667 
2889.485304 626.732707 -2563.784761 -14923.787071 133.026800 -3046.754783 -1834.477765 -10936.820786 -0.141002 0.108617 -0.984033 -2.961588 -0.115351 0.082855 
-191.370245 2581.689662 -3564.729087 -27009.677535 3588.302473 -913.908572 -1746.053272 -6345.220956 -0.137530 -0.409641 -0.901820 0.575157 -0.038483 0.079581 
-420.388797 658.908417 -3971.489767 -27869.637185 3134.675623 -1426.493329 -1368.704326 1184.109626 -0.157958 -0.738416 -0.655584 4.755214 -0.087543 0.082779 
-599.009826 2629.723892 -4136.135656 -33407.765114 3710.612871 2783.645336 464.066218 25367.552695 -0.326073 0.938222 0.115829 16.296758 0.022723 -0.045191 
516.895767 2446.305965 -2721.027307 -21252.516084 3107.364772 1090.261413 402.499615 20681.218160 0.107781 0.988436 0.106662 12.697750 -1.016451 3.318610 
3264.230772 -2403.099341 1958.687060 63127.299646 -212.995624 -3496.477035 -2312.278785 -20128.172393 -0.249618 -0.780294 0.573438 23.158943 -0.013392 0.066808 
-641.341994 -221.049832 4598.676349 105871.836298 3703.180493 -2002.579470 1111.280544 33286.679251 -0.209637 -0.890981 0.402746 18.601323 -0.020880 0.116154 
-484.943329 -715.466140 3912.871749 88481.432021 2914.485774 -2069.326003 795.045735 25879.820620 -0.239051 -0.900285 0.363787 16.207850 -0.089647 0.083528 
-641.111172 -2142.467005 3300.009156 71491.732746 2844.420673 -2269.257931 42.382876 13070.671975 -0.258615 -0.965854 -0.015640 9.206758 -0.086322 0.066784 
-448.654759 -3087.916317 2180.297790 52842.828949 2883.501580 -1807.573811 -509.038587 1783.873167 -0.138218 -0.929146 -0.342906 4.289260 -0.111633 0.074073 
-482.785934 -3358.459163 1713.413110 44500.402533 2814.830035 -1779.991523 -841.002226 607.493869 -0.170917 -0.865653 -0.470567 3.652202 -0.105924 0.073360 
-634.629305 3613.851224 2034.717343 45794.599158 3258.275412 1913.901655 -821.084332 1011.072811 -0.177718 0.851119 -0.493976 3.952132 -0.064756 0.150076 
-612.634682 4539.773165 546.382279 28130.418199 3768.259941 1398.098429 -1574.719353 -6754.333112 -0.160917 0.557293 -0.814573 0.821969 -0.040406 0.019696 
3733.245914 591.050527 -2862.608885 -17956.044065 189.353185 -4107.015514 -1711.248769 -8877.090327 -0.176470 0.047126 -0.983177 -2.904075 -0.021399 0.104483 
3826.966637 -848.486805 -2561.116740 -15883.752313 -141.732062 -4388.125032 1.084708 13575.489010 -0.128498 -0.327772 -0.935978 -2.329659 -0.016753 0.079071 
-174.650909 1781.720239 -3718.698672 -24458.870789 3323.877992 -1033.647541 -1505.976634 -5049.557267 -0.108107 -0.534539 -0.838201 1.133998 -0.073174 0.083407 
-512.878766 -4456.253693 2082.620198 -13520.385420 -4595.733968 -495.369167 -665.729064 -38174.571455 -0.143381 -0.766220 -0.626378 -28.785441 -0.610878 0.120907 
-138.366561 -1233.826116 -3530.747042 -17588.658827 2787.076206 -1860.554026 -359.165422 19069.380398 -0.147061 -0.948291 -0.281279 12.258070 -0.130678 0.088651 
-203.980953 -1675.634093 -3515.832221 -19848.254283 2949.997804 -1959.282870 -141.299814 26449.551833 -0.161777 -0.975884 -0.146559 15.960935 -0.124143 0.113468 
-147.037099 -2940.359435 -2908.939232 -5635.888848 3171.643066 -1968.997726 737.426059 40159.079894 -0.187072 -0.956156 0.225322 21.429670 -0.093954 0.106690 
-270.003621 2975.639262 1610.166647 21707.611137 -2471.021188 1360.842782 -955.477269 -25587.861321 0.062193 0.932273 -0.356370 -6.199107 -0.241200 0.091338 
-162.787035 -3172.353300 -221.609854 -534.649766 1918.319694 -1207.388959 1533.787945 24969.555169 -0.219990 -0.722768 0.655142 10.658685 0.048712 -0.271225 
-2107.892190 -618.399117 -354.687435 10287.148886 -1223.098141 -574.159947 -690.369047 -9.572985 -0.934393 -0.164720 -0.315873 1.576366 1.386174 -0.412970 
-480.277051 799.920726 3879.573973 86910.813244 2905.925579 -1597.769143 1508.367236 40072.917024 -0.234164 -0.697175 0.677580 22.728558 -0.094763 0.118870 
-140.972052 -2492.031447 1291.015964 38800.828153 1587.883840 -1591.999365 -437.934932 2277.452924 -0.114155 -0.973187 -0.199691 4.225486 0.382871 -0.358569 
-469.105361 -2228.394510 2989.645437 70260.025398 2764.488325 -1957.231304 37.943313 12866.687468 -0.170386 -0.984905 -0.030501 10.140752 -0.119773 0.070416 
-432.831098 -2658.960700 2620.730113 68922.061296 2826.926362 -1855.704427 -203.217893 7820.884954 -0.137536 -0.974351 -0.178114 7.614313 -0.124140 0.070510 
-344.884422 -1472.411455 3436.276578 68582.697371 2812.881054 -1831.691463 422.317465 17169.504208 -0.143787 -0.967873 0.206271 13.450701 -0.116677 0.074221 
-396.673613 -3467.098281 1364.976087 48783.339173 2841.050294 -1591.259527 -887.927084 -2220.140953 -0.122622 -0.829977 -0.544152 2.178680 -0.123750 0.082002 
-427.091997 -2935.815445 2292.880239 52570.582738 2776.045954 -1862.954546 -482.179335 5018.548482 -0.159431 -0.944607 -0.286880 6.185325 -0.111794 0.064039 
-443.804088 -4162.009196 1045.313935 39082.135945 3496.082540 -1456.063772 -1272.814598 -3667.197044 -0.130244 -0.689646 -0.712338 1.938827 -0.048341 0.123387 
-524.512126 -3874.775319 -27.105674 29763.096773 2919.059775 -1203.908132 -1634.085280 -3074.177104 -0.183572 -0.532889 -0.826033 1.690390 -0.127605 0.212667 
-394.583069 -3829.812227 -435.840721 19792.575019 2904.022371 -929.755499 -1751.037237 -4342.317880 -0.171361 -0.452908 -0.874934 1.355446 -0.114976 0.200609 
3655.477420 800.404912 -2729.348892 -16057.281377 -191.464345 -3562.054396 -2465.446501 -16316.048070 -0.169377 0.258711 -0.950989 -2.227233 -0.036108 0.111176 
3642.186603 76.666187 -2868.836565 -17186.896774 -211.841903 -4074.367504 -1485.626008 -4799.386620 -0.176046 0.010831 -0.984322 -2.670605 -0.028903 0.078695 
-125.638283 2102.000049 -3345.102145 -21242.083350 3153.384033 -778.036854 -1557.412385 -7798.510935 -0.087974 -0.410699 -0.907517 -0.540742 -0.102235 0.089324 
-258.462164 1657.607444 -3804.291665 -26656.900652 3338.988220 -1072.291101 -1529.463194 -4481.544498 -0.119502 -0.568864 -0.813704 1.686935 -0.066743 0.072139 
-136.922837 -406.148161 -4406.294950 -34542.304306 3587.577948 -1909.970867 -656.691047 14033.482666 -0.148563 -0.900864 -0.407888 9.811696 -0.055697 0.124668 
-130.969652 -2336.459071 -4511.579083 -19136.191586 4378.864842 -1991.713059 199.924100 24776.977346 -0.120413 -0.992164 0.033341 16.914671 0.016884 0.148729 
10.384675 -559.825641 -5044.520023 -55969.933764 4428.762593 -1822.726202 -418.609524 13963.842750 -0.089375 -0.940200 -0.328689 11.344281 0.013013 0.115897 
-253.589222 -2631.709154 -4388.677553 -20610.666241 4246.890225 -2321.015771 422.265840 36654.657671 -0.199859 -0.974851 0.098596 18.979546 0.027771 0.085567 
-31332.982300 -42369.769625 355071.101899 3855281.146755 -357432.462112 -6774.766628 -32340.824597 -1718030.660080 0.024734 -0.993598 -0.110232 -1070.368355 -0.000023 0.000000 
-241.214052 -2609.449656 -2661.544413 -19310.175660 2706.990549 -1939.294404 461.928308 23631.350216 -0.183797 -0.971625 0.148876 14.452615 -0.147001 0.098001 
-271.365913 -2348.866724 -2946.550008 -14511.844225 2760.459653 -1985.260949 249.761408 26905.237486 -0.183694 -0.981265 0.058105 16.139015 -0.130371 0.093871 
-68.262350 -3293.682624 -3065.881808 -16866.157180 3684.639882 -1822.679443 839.471755 35579.151705 -0.140321 -0.942467 0.303425 21.268209 -0.080348 0.187233 
-550.965677 -2187.786997 1536.239423 -2864.547694 1228.368985 -547.318301 1729.845947 18177.963333 -0.246524 -0.285677 0.926075 8.711699 -0.116393 0.011301 
